0
2
3
4
5
7
8
9
10
12
13
14
15
17
18
19
20
22
23
24
25
27
28
29
30
32
33
34
35
37
38
39
40
42
43
44
45
47
48
49
50
52
53
54
55
57
58
59
60
62
63
64
65
67
68
69
70
72
73
74
75
77
78
79
80
82
83
84
85
87
88
89
90
92
93
94
95
97
98
99
100
102
103
104
105
107
108
109
110
112
113
114
115
117
118
119
120
122
123
124
125
127
128
129
130
132
133
134
135
137
138
139
140
142
143
144
145
147
148
149
150
152
153
154
155
157
158
159
160
162
163
164
165
167
168
169
170
172
173
174
175
177
178
179
180
182
183
184
185
187
188
189
190
192
193
194
195
197
198
199
200
202
203
204
205
207
208
209
210
212
213
214
215
217
218
219
220
222
223
224
225
227
228
229
230
232
233
234
235
237
238
239
240
242
243
244
245
247
248
249
250
252
253
254
255
257
258
259
260
262
263
264
265
267
268
269
270
272
273
274
275
277
278
279
280
282
283
284
285
287
288
289
290
292
293
294
295
297
298
299
300
302
303
304
305
307
308
309
310
312
313
314
315
317
318
319
320
322
323
324
325
327
328
329
330
332
333
334
335
337
338
339
340
342
343
344
345
347
348
349
350
352
353
354
355
357
358
359
360
362
363
364
365
367
368
369
370
372
373
374
375
377
378
379
380
382
383
384
385
387
388
389
390
392
393
394
395
397
398
399
400
402
403
404
405
407
408
409
410
412
413
414
415
417
418
419
420
422
423
424
425
427
428
429
430
432
433
434
435
437
438
439
440
442
443
444
445
447
448
449
450
452
453
454
455
457
458
459
460
462
463
464
465
467
468
469
470
472
473
474
475
477
478
479
480
482
483
484
485
487
488
489
490
492
493
494
495
497
498
499
500
502
503
504
505
507
508
509
510
512
513
514
515
517
518
519
520
522
523
524
525
527
528
529
530
532
533
534
535
537
538
539
540
542
543
544
545
547
548
549
550
552
553
554
555
557
558
559
560
562
563
564
565
567
568
569
570
572
573
574
575
577
578
579
580
582
583
584
585
587
588
589
590
592
593
594
595
597
598
599
600
602
603
604
605
607
608
609
610
612
613
614
615
617
618
619
620
622
623
624
625
627
628
629
630
632
633
634
635
637
638
639
640
642
643
644
645
647
648
649
650
652
653
654
655
657
658
659
660
662
663
664
665
667
668
669
670
672
673
674
675
677
678
679
680
682
683
684
685
687
688
689
690
692
693
694
695
697
698
699
700
702
703
704
705
707
708
709
710
712
713
714
715
717
718
719
720
722
723
724
725
727
728
729
730
732
733
734
735
737
738
739
740
742
743
744
745
747
748
749
750
752
753
754
755
757
758
759
760
762
763
764
765
767
768
769
770
772
773
774
775
777
778
779
780
782
783
784
785
787
788
789
790
792
793
794
795
797
798
799
800
802
803
804
805
807
808
809
810
812
813
814
815
817
818
819
820
822
823
824
825
827
828
829
830
832
833
834
835
837
838
839
840
842
843
844
845
847
848
849
850
852
853
854
855
857
858
859
860
862
863
864
865
867
868
869
870
872
873
874
875
877
878
879
880
882
883
884
885
887
888
889
890
892
893
894
895
897
898
899
920
921
922
923
924
925
926
927
928
929
930
931
932
933
934
935
936
937
938
939
940
941
942
943
944
945
946
947
948
949
950
951
952
953
954
955
956
957
958
959
960
961
962
963
964
965
966
967
968
969
970
971
972
973
974
975
976
977
978
979
980
981
982
983
984
985
986
987
988
989
990
991
992
993
994
995
996
997
998
999